0000000000000000000000000000
0000000000000000000000000000
0000000000000000000000000000
0000110000000000000000110000
0000110000000000000000110000
0000110000000000000000110000
0000110000000000000000110000
0000110000000000000000110000
0000110000000000000000110000
0000110000000000000000110000
0000110000000000000000110000
0000110000000000000000110000
0000110000000000000000110000
0000110000000000000000110000
0000110000000000000000110000
0000110000000000000000110000
0000110000000000000000110000
0000110000000000000000110000
0000110000000000000000110000
0000110000000000000000110000
0000110000000000000000110000
0000110000000000000000110000
0000110000000000000000110000
0000110000000000000000110000
0000110000000000000000110000
0000000000000000000000000000
0000000000000000000000000000
0000000000000000000000000000